,,,,,,,,,,,,,SRS,SRS,SRS,Adjusted,Adjusted,Adjusted
Rk,School,Conf,,AP Rank,W,L,Pts,Opp,MOV,,SOS,,OSRS,DSRS,SRS,ORtg,DRtg,NRtg
1,Connecticut,Big East,,1,15,0,89.7,52.2,37.47,,15.43,,30.72,22.18,52.90,131.10,61.58,69.52
2,UCLA,Big Ten,,4,14,1,87.3,56.3,31.00,,16.97,,27.66,20.31,47.97,132.97,68.25,64.72
3,South Carolina,SEC,,3,15,1,91.1,53.9,37.13,,10.16,,29.78,17.50,47.28,127.28,66.48,60.81
4,Louisiana State,SEC,,5,14,2,103.2,55.1,48.06,,-2.10,,35.95,10.01,45.96,124.84,71.55,53.29
5,Texas,SEC,,2,17,0,91.6,53.2,38.41,,7.08,,28.00,17.49,45.49,125.12,67.05,58.08
6,Michigan,Big Ten,,6,11,2,89.3,56.8,32.46,,8.92,,26.07,15.31,41.38,116.98,65.75,51.23
7,Oklahoma,SEC,,8,14,1,94.5,59.6,34.93,,3.68,,29.80,8.81,38.61,113.65,69.16,44.49
8,Louisville,ACC,,13,14,3,83.1,58.4,24.71,,10.39,,21.63,13.47,35.09,119.41,73.67,45.74
9,Iowa,Big Ten,,14,12,2,83.6,61.9,21.71,,13.11,,21.91,12.92,34.83,116.95,72.47,44.48
10,TCU,Big 12,,8,14,1,85.8,51.9,33.93,,0.10,,19.24,14.80,34.04,115.04,71.32,43.72
11,Michigan State,Big Ten,,24,14,1,89.1,56.1,33.07,,0.48,,22.74,10.81,33.54,120.83,77.44,43.39
12,Kentucky,SEC,,11,15,1,80.9,52.1,28.81,,4.52,,16.09,17.25,33.33,118.07,72.25,45.81
13,Maryland,Big Ten,,7,15,1,87.6,55.8,31.88,,1.33,,23.41,9.80,33.21,116.50,73.24,43.26
14,Nebraska,Big Ten,,20,13,2,86.3,60.1,26.20,,6.01,,21.16,11.05,32.21,120.81,78.16,42.65
15,Duke,ACC,,,9,6,74.4,61.6,12.80,,18.74,,15.88,15.67,31.54,110.67,70.31,40.37
16,Vanderbilt,SEC,,12,15,0,85.7,55.6,30.07,,1.22,,19.36,11.92,31.28,116.88,76.40,40.48
17,West Virginia,Big 12,,,13,2,80.7,56.3,24.47,,6.49,,17.58,13.38,30.96,113.05,73.68,39.37
18,Minnesota,Big Ten,,,10,3,78.2,49.9,28.31,,2.37,,13.18,17.50,30.68,111.98,69.05,42.93
19,Tennessee,SEC,,23,10,3,80.3,59.8,20.54,,9.72,,20.27,9.99,30.26,110.19,72.04,38.15
20,Southern California,Big Ten,,17,10,4,69.1,56.9,12.21,,17.82,,10.48,19.56,30.04,105.53,65.48,40.05
21,NC State,ACC,,,11,4,76.1,63.4,12.73,,16.83,,17.67,11.89,29.56,111.08,73.60,37.47
22,North Carolina,ACC,,16,13,4,79.5,57.7,21.76,,6.90,,16.60,12.06,28.67,111.76,74.42,37.34
23,Iowa State,Big 12,,10,14,1,89.5,60.3,29.20,,-0.60,,24.60,3.99,28.60,123.32,85.65,37.67
24,Notre Dame,ACC,,18,10,4,84.9,63.2,21.71,,6.31,,21.12,6.91,28.03,113.23,79.37,33.86
25,Oregon,Big Ten,,,13,3,78.7,58.6,20.06,,7.91,,16.02,11.95,27.97,108.30,72.12,36.19
26,Ohio State,Big Ten,,19,13,2,85.1,60.0,25.07,,2.89,,20.12,7.84,27.96,107.10,74.57,32.54
27,Mississippi,SEC,,15,14,3,78.6,53.5,25.12,,2.72,,13.60,14.25,27.84,110.07,74.28,35.79
28,Texas Tech,Big 12,,21,16,0,76.1,52.1,24.06,,3.46,,12.46,15.07,27.53,107.34,71.49,35.84
29,Oklahoma State,Big 12,,,13,3,91.4,60.6,30.75,,-1.60,,21.78,4.75,26.53,119.32,86.16,33.16
30,Baylor,Big 12,,22,13,3,74.2,56.8,17.44,,8.52,,11.18,14.78,25.96,103.88,69.89,33.98
31,Alabama,SEC,,,15,1,74.0,52.6,21.38,,4.00,,10.51,14.86,25.37,109.11,74.45,34.65
32,Washington,Big Ten,,,12,2,73.8,54.4,19.43,,5.12,,10.76,13.79,24.55,109.93,76.48,33.44
33,Illinois,Big Ten,,,13,2,80.1,59.2,20.87,,2.95,,12.30,11.52,23.82,108.07,77.47,30.59
34,Stanford,ACC,,,13,3,71.4,56.9,14.50,,8.74,,9.69,13.55,23.24,106.28,74.76,31.52
35,Villanova,Big East,,,12,3,75.1,60.6,14.53,,8.28,,12.36,10.45,22.81,108.36,78.45,29.92
36,Mississippi State,SEC,,,14,2,80.3,56.3,23.94,,-1.46,,13.69,8.79,22.48,108.31,79.46,28.86
37,Virginia,ACC,,,12,3,79.3,57.6,21.67,,-0.27,,12.91,8.48,21.39,111.14,81.93,29.21
38,Georgia,SEC,,,15,1,79.0,53.6,25.38,,-5.05,,11.14,9.19,20.33,107.75,80.72,27.03
39,Syracuse,ACC,,,13,2,74.8,56.9,17.87,,1.39,,10.48,8.78,19.26,102.13,78.41,23.72
40,Miami (FL),ACC,,,10,5,72.9,61.1,11.80,,7.22,,10.54,8.48,19.02,105.10,81.32,23.78
41,Utah,Big 12,,,11,4,71.9,61.7,10.20,,9.55,,8.97,9.65,18.62,102.06,78.19,23.87
42,Princeton,Ivy,,25,13,1,75.8,66.9,8.86,,9.43,,13.54,4.75,18.29,112.30,88.49,23.82
43,Brigham Young,Big 12,,,13,2,72.9,57.9,15.00,,2.71,,8.33,9.39,17.71,97.93,77.01,20.93
44,Seton Hall,Big East,,,10,5,72.1,63.1,8.93,,8.50,,10.21,7.22,17.43,103.95,81.74,22.20
45,Clemson,ACC,,,11,5,70.3,55.6,14.75,,1.78,,4.94,11.59,16.53,108.25,84.65,23.60
46,Virginia Tech,ACC,,,11,5,73.9,58.9,15.00,,1.46,,8.29,8.18,16.46,99.16,79.37,19.79
47,Kansas State,Big 12,,,8,8,70.1,64.9,5.25,,11.11,,9.01,7.35,16.36,103.07,83.14,19.93
48,Arizona State,Big 12,,,15,1,69.6,56.9,12.63,,3.34,,5.20,10.77,15.97,98.14,77.83,20.31
49,California,ACC,,,9,7,67.9,60.8,7.13,,8.75,,5.97,9.90,15.88,102.08,82.03,20.06
50,Florida,SEC,,,12,5,76.2,60.2,16.00,,-0.30,,7.97,7.73,15.70,98.81,79.74,19.07
51,Colorado,Big 12,,,11,4,70.9,59.5,11.40,,3.92,,6.11,9.22,15.32,99.79,80.36,19.43
52,James Madison,Sun Belt,,,11,5,73.7,64.4,9.25,,5.89,,9.05,6.09,15.14,100.27,80.97,19.30
53,South Dakota State,Summit,,,12,4,72.6,65.6,6.94,,7.91,,8.74,6.11,14.85,104.11,85.34,18.77
54,Fairfield,MAAC,,,11,3,80.0,63.3,16.71,,-1.89,,13.04,1.79,14.83,110.19,90.87,19.32
55,Richmond,A-10,,,12,4,71.9,61.8,10.13,,4.67,,8.07,6.73,14.80,107.59,88.16,19.43
56,Davidson,A-10,,,11,5,70.1,58.5,11.56,,3.07,,5.85,8.78,14.63,102.11,82.94,19.17
57,Marquette,Big East,,,10,5,72.8,62.3,10.47,,6.48,,8.10,6.52,14.62,103.43,84.29,19.14
58,Kansas,Big 12,,,11,4,75.1,63.3,11.87,,6.46,,8.75,5.56,14.32,103.20,84.69,18.51
59,Indiana,Big Ten,,,11,5,72.3,65.6,6.69,,7.46,,9.29,4.86,14.15,106.06,88.19,17.86
60,Rhode Island,A-10,,,12,2,69.4,54.0,15.43,,1.27,,4.05,9.52,13.57,101.57,83.74,17.83
61,North Dakota State,Summit,,,13,2,79.3,60.6,18.67,,-1.75,,10.44,3.05,13.49,106.15,87.88,18.27
62,Texas A&M,SEC,,,7,4,68.2,61.3,6.91,,5.75,,4.22,8.45,12.66,94.26,79.01,15.25
63,Santa Clara,WCC,,,13,4,81.9,63.7,18.18,,0.97,,13.77,-1.41,12.37,102.02,87.03,14.99
64,Purdue,Big Ten,,,8,7,71.7,66.2,5.53,,6.76,,8.90,3.39,12.29,104.47,88.86,15.60
65,Colorado State,MWC,,,13,2,69.3,54.1,15.13,,-0.72,,2.93,9.34,12.28,102.09,85.51,16.58
66,South Florida,American,,,8,7,69.6,72.1,-2.47,,14.52,,8.74,3.32,12.06,102.23,88.02,14.20
67,Auburn,SEC,,,11,5,65.2,56.3,8.94,,2.73,,1.69,9.97,11.66,96.26,81.65,14.61
68,Saint Joseph's,A-10,,,11,3,72.3,56.5,15.79,,0.76,,3.15,8.28,11.43,100.87,85.60,15.27
69,Troy,Sun Belt,,,11,3,85.6,68.4,17.29,,-1.87,,13.83,-2.46,11.37,97.53,85.79,11.74
70,Gonzaga,WCC,,,11,6,71.6,65.6,5.94,,5.35,,7.59,3.71,11.30,102.01,87.64,14.37
71,Columbia,Ivy,,,9,5,71.6,64.1,7.50,,3.79,,9.17,2.12,11.29,102.03,88.82,13.20
72,Missouri,SEC,,,12,5,75.1,69.6,5.47,,5.61,,10.72,0.36,11.08,103.75,90.54,13.21
73,Penn State,Big Ten,,,7,8,76.1,78.5,-2.40,,13.38,,16.34,-5.36,10.98,104.10,90.69,13.41
74,Wisconsin,Big Ten,,,11,4,71.9,66.3,5.67,,5.18,,7.84,3.01,10.85,102.70,88.54,14.16
75,George Mason,A-10,,,8,6,71.8,65.0,6.79,,4.04,,6.47,4.35,10.82,97.33,83.43,13.90
76,Florida State,ACC,,,5,11,76.0,78.1,-2.13,,12.17,,14.80,-4.75,10.05,100.62,89.63,10.99
77,Oregon State,WCC,,,11,5,67.1,61.6,5.50,,7.57,,4.12,5.66,9.79,101.29,88.89,12.40
78,Harvard,Ivy,,,8,6,65.1,59.9,5.14,,4.25,,2.05,7.35,9.40,95.50,83.79,11.71
79,Montana State,Big Sky,,,9,4,75.3,64.9,10.38,,5.39,,8.70,0.69,9.39,96.27,85.39,10.88
80,San Diego State,MWC,,,10,3,69.5,58.8,10.69,,2.80,,1.69,7.69,9.38,97.41,85.06,12.34
81,UC Irvine,Big West,,,13,2,73.2,57.7,15.53,,-6.47,,5.20,3.86,9.06,100.40,89.16,11.24
82,Belmont,MVC,,,8,7,68.3,67.9,0.33,,8.67,,5.89,3.12,9.01,98.11,87.76,10.35
83,Creighton,Big East,,,7,8,69.9,67.1,2.73,,6.21,,6.03,2.91,8.94,99.76,88.60,11.16
84,Nevada-Las Vegas,MWC,,,9,5,67.0,63.6,3.36,,5.40,,5.19,3.57,8.76,101.58,90.55,11.03
85,Georgetown,Big East,,,8,6,68.9,61.6,7.29,,1.31,,4.31,4.28,8.59,96.60,86.47,10.13
86,Massachusetts,MAC,,,10,2,69.5,55.4,14.08,,-5.53,,1.65,6.91,8.56,93.10,82.91,10.20
87,Rice,American,,,12,3,69.0,58.9,10.07,,-1.62,,2.87,5.57,8.45,94.15,83.88,10.27
88,Georgia Tech,ACC,,,7,9,68.3,66.8,1.50,,6.78,,5.02,3.26,8.28,93.63,84.07,9.57
89,Green Bay,Horizon,,,11,5,66.4,57.3,9.13,,1.02,,0.54,7.01,7.55,94.30,84.84,9.47
90,Marshall,Sun Belt,,,13,3,72.9,57.5,15.38,,-0.22,,3.05,4.37,7.42,95.41,86.45,8.96
91,Ball State,MAC,,,11,4,77.2,64.3,12.93,,-0.47,,7.23,0.10,7.32,95.84,88.22,7.62
92,New Mexico,MWC,,,11,4,72.3,61.4,10.87,,-3.71,,3.53,3.63,7.16,93.25,85.65,7.60
93,Arkansas,SEC,,,11,6,76.2,69.8,6.47,,0.65,,9.88,-2.77,7.12,96.36,89.24,7.12
94,Temple,American,,,6,7,68.3,68.1,0.23,,6.65,,6.43,0.45,6.88,94.32,87.28,7.04
95,Murray State,MVC,,,12,2,84.9,76.4,8.57,,1.84,,17.80,-11.12,6.68,102.84,95.74,7.10
96,Northern Iowa,MVC,,,8,6,63.6,60.5,3.07,,3.17,,-2.66,8.90,6.24,87.62,80.70,6.92
97,McNeese State,Southland,,,10,4,67.6,53.2,14.36,,0.59,,-2.42,8.51,6.09,93.18,85.39,7.79
98,Lindenwood,OVC,,,10,5,72.7,60.5,12.20,,1.16,,3.18,2.90,6.08,99.19,92.11,7.09
99,Arkansas State,Sun Belt,,,13,3,78.2,68.4,9.81,,-1.07,,10.48,-4.49,5.99,95.46,89.47,6.00
100,North Texas,American,,,7,7,72.3,62.8,9.50,,5.02,,1.53,4.40,5.93,90.09,83.48,6.61
101,Arizona,Big 12,,,9,5,74.6,67.6,7.07,,-1.50,,8.14,-2.57,5.57,96.93,91.97,4.96
102,Georgia Southern,Sun Belt,,,10,4,76.5,66.6,9.93,,-0.45,,3.73,1.74,5.47,98.50,91.20,7.30
103,St. John's (NY),Big East,,,13,3,67.8,59.9,7.81,,-2.37,,1.69,3.75,5.44,97.39,90.90,6.49
104,UC Santa Barbara,Big West,,,11,2,72.8,60.2,12.62,,-5.59,,2.61,2.47,5.08,98.20,92.33,5.87
105,Central Michigan,MAC,,,8,5,68.6,64.9,3.69,,3.17,,2.78,2.14,4.92,94.48,89.66,4.82
106,Portland,WCC,,,9,7,71.8,61.1,10.63,,2.19,,4.01,0.82,4.83,92.92,87.28,5.64
107,South Dakota,Summit,,,11,4,75.6,54.1,21.53,,-7.74,,0.05,4.62,4.67,92.49,86.50,6.00
108,Abilene Christian,WAC,,,10,5,76.7,57.9,18.73,,-3.79,,-0.23,4.86,4.63,93.20,88.39,4.81
109,Illinois State,MVC,,,7,8,72.8,68.8,4.00,,0.54,,5.47,-0.93,4.54,97.34,93.61,3.73
110,Wake Forest,ACC,,,12,4,67.7,56.6,11.06,,-6.66,,-0.75,5.15,4.41,92.22,87.34,4.88
111,Southern Methodist,ACC,,,7,9,66.8,68.6,-1.75,,5.96,,3.09,1.12,4.21,93.93,89.51,4.42
112,Butler,Big East,,,7,8,66.1,66.6,-0.47,,4.67,,1.04,3.16,4.20,91.88,88.48,3.39
113,Quinnipiac,MAAC,,,10,4,68.3,53.2,15.07,,-10.92,,-0.03,4.19,4.16,97.86,92.18,5.68
114,UCF,Big 12,,,8,6,69.4,60.9,8.57,,-4.43,,2.00,2.15,4.15,94.09,90.30,3.78
115,Grand Canyon,MWC,,,3,11,64.6,70.1,-5.50,,9.62,,3.42,0.70,4.12,93.48,89.52,3.96
116,College of Charleston,CAA,,,10,3,78.8,57.6,21.23,,-5.84,,1.72,2.26,3.98,93.04,89.12,3.92
117,Southern Indiana,OVC,,,9,4,71.5,55.5,16.00,,0.36,,0.77,3.19,3.96,93.76,88.66,5.09
118,Liberty,CUSA,,,8,5,67.9,62.0,5.92,,3.64,,1.67,2.24,3.91,96.22,92.63,3.59
119,Western Illinois,OVC,,,11,2,80.2,61.1,19.15,,-6.76,,6.87,-3.03,3.84,99.63,94.67,4.96
120,Pennsylvania,Ivy,,,10,4,66.7,55.9,10.86,,-0.01,,-1.86,5.51,3.66,92.21,88.75,3.46
121,Idaho,Big Sky,,,10,4,81.6,67.9,13.79,,-5.53,,11.91,-8.27,3.63,98.46,95.36,3.10
122,Rutgers,Big Ten,,,8,7,60.1,60.7,-0.60,,3.98,,-2.95,6.33,3.38,90.41,87.16,3.25
123,Louisiana Tech,CUSA,,,7,5,77.0,63.3,13.67,,2.83,,4.52,-1.29,3.23,97.64,94.49,3.15
124,Miami (OH),MAC,,,10,4,71.5,59.6,11.93,,-2.97,,0.71,2.49,3.20,92.54,89.12,3.42
125,UTSA,American,,,7,6,60.5,57.8,2.77,,3.70,,-5.78,8.97,3.20,86.36,83.09,3.27
126,Vermont,AmEast,,,13,4,69.3,54.1,15.18,,-4.62,,-2.63,5.81,3.18,96.95,92.46,4.49
127,Coastal Carolina,Sun Belt,,,7,9,75.2,64.3,10.94,,-1.03,,4.22,-1.33,2.90,89.54,87.88,1.65
128,California Baptist,WAC,,,9,7,70.6,65.0,5.63,,-2.79,,4.11,-1.28,2.83,90.52,88.65,1.86
129,Cincinnati,Big 12,,,5,10,71.6,71.0,0.60,,4.75,,5.10,-2.50,2.60,96.20,94.05,2.15
130,Charlotte,American,,,8,7,63.5,66.3,-2.73,,5.32,,-0.24,2.83,2.59,90.75,88.55,2.20
131,Army,Patriot,,,10,3,69.2,57.6,11.62,,-7.07,,0.16,2.35,2.51,96.31,93.55,2.76
132,Central Arkansas,A-Sun,,,8,6,70.5,57.9,12.57,,-2.77,,-1.32,3.72,2.40,89.59,87.36,2.23
133,Missouri State,CUSA,,,9,5,67.4,65.4,2.07,,0.32,,-0.02,2.41,2.40,89.31,87.53,1.78
134,Purdue Fort Wayne,Horizon,,,10,5,71.1,62.3,8.80,,-2.03,,1.66,0.53,2.19,90.65,88.61,2.04
135,Austin Peay,A-Sun,,,10,2,70.8,56.5,14.33,,-4.67,,-4.77,6.90,2.13,91.14,88.87,2.27
136,Idaho State,Big Sky,,,9,4,65.0,56.6,8.38,,-2.64,,-6.19,8.30,2.11,86.07,83.51,2.56
137,UC San Diego,Big West,,,8,5,69.5,59.2,10.23,,-5.17,,-0.34,2.25,1.91,88.60,86.92,1.68
138,Southern Mississippi,Sun Belt,,,10,5,80.3,72.5,7.80,,-0.49,,9.48,-7.59,1.90,99.07,97.67,1.40
139,Appalachian State,Sun Belt,,,7,6,65.8,55.3,10.54,,0.83,,-3.22,5.05,1.83,91.77,90.62,1.16
140,Pepperdine,WCC,,,10,5,68.9,66.1,2.73,,1.06,,2.44,-0.61,1.83,93.77,92.77,1.00
141,Eastern Kentucky,A-Sun,,,11,4,75.6,60.8,14.80,,-8.22,,1.76,-0.21,1.55,90.87,90.42,0.45
142,Sam Houston,CUSA,,,8,4,67.1,55.6,11.50,,1.69,,-4.88,6.35,1.47,81.82,82.45,-0.62
143,San Francisco,WCC,,,10,5,68.5,64.9,3.60,,0.41,,2.70,-1.29,1.41,87.45,86.74,0.71
144,UAB,American,,,7,7,73.2,68.4,4.86,,-4.21,,3.87,-2.62,1.25,97.01,96.02,1.00
145,Old Dominion,Sun Belt,,,10,5,68.6,64.4,4.20,,1.83,,-0.68,1.72,1.04,87.11,86.93,0.18
146,High Point,Big South,,,13,2,76.9,61.2,15.67,,-9.55,,5.06,-4.38,0.68,94.12,94.78,-0.66
147,Tulsa,American,,,9,4,72.0,64.4,7.62,,-6.95,,0.58,0.08,0.66,89.96,90.42,-0.47
148,Providence,Big East,,,9,7,59.4,59.7,-0.25,,0.89,,-5.09,5.73,0.64,85.68,86.17,-0.49
149,East Carolina,American,,,10,5,73.0,67.5,5.53,,-4.90,,4.98,-4.35,0.63,91.64,92.73,-1.09
150,Saint Mary's (CA),WCC,,,10,7,58.5,57.1,1.47,,2.66,,-5.29,5.81,0.52,89.20,90.13,-0.92
151,Boise State,MWC,,,10,5,71.5,70.7,0.87,,0.16,,6.91,-6.40,0.51,98.11,99.35,-1.24
152,Tulane,American,,,6,8,70.9,70.9,0.00,,0.28,,4.59,-4.32,0.28,93.54,94.36,-0.83
153,UC Davis,Big West,,,10,4,70.9,63.7,7.21,,-2.66,,3.03,-3.03,0.00,94.75,96.84,-2.09
154,Eastern Michigan,MAC,,,7,5,69.2,64.3,4.83,,-0.58,,0.60,-0.63,-0.03,92.55,93.67,-1.12
155,Northwestern,Big Ten,,,6,8,67.2,73.0,-5.79,,5.71,,4.84,-4.92,-0.07,98.23,99.83,-1.60
156,South Alabama,Sun Belt,,,8,6,71.6,65.3,6.29,,-6.36,,1.00,-1.07,-0.08,90.65,92.12,-1.47
157,Florida Gulf Coast,A-Sun,,,6,7,64.2,62.5,1.69,,10.89,,-5.67,5.55,-0.11,87.57,90.09,-2.52
158,Loyola Marymount,WCC,,,8,7,69.1,63.5,5.53,,-2.26,,2.79,-2.98,-0.19,97.26,98.77,-1.51
159,Albany (NY),AmEast,,,11,4,61.3,53.3,8.00,,-5.22,,-7.30,6.87,-0.43,92.54,93.44,-0.89
160,FDU,NEC,,,11,4,66.7,52.5,14.13,,-9.34,,-6.84,6.27,-0.57,89.33,90.20,-0.87
161,Howard,MEAC,,,11,6,64.5,63.2,1.29,,-1.97,,-1.84,1.17,-0.68,87.99,90.88,-2.90
162,Bradley,MVC,,,8,6,71.2,66.5,4.71,,-1.35,,0.38,-1.35,-0.97,90.76,92.73,-1.97
163,Fresno State,MWC,,,7,8,62.9,60.1,2.87,,-0.80,,-4.19,2.96,-1.22,87.76,89.78,-2.02
164,Saint Louis,A-10,,,8,8,72.6,69.4,3.19,,0.50,,2.18,-3.55,-1.37,87.82,90.82,-3.01
165,Xavier,Big East,,,9,6,60.1,62.8,-2.67,,1.11,,-5.94,4.39,-1.55,86.56,89.75,-3.19
166,Utah Valley,WAC,,,9,5,64.5,58.1,6.36,,-1.64,,-4.24,2.60,-1.64,82.83,86.68,-3.85
167,Middle Tennessee,CUSA,,,7,7,57.0,60.6,-3.64,,1.92,,-7.56,5.84,-1.73,86.79,90.93,-4.13
168,Bryant,AmEast,,,12,3,69.1,53.3,15.80,,-12.89,,-3.30,1.33,-1.97,88.58,92.34,-3.76
169,Ohio,MAC,,,8,4,73.8,70.2,3.67,,-3.08,,4.25,-6.25,-1.99,88.63,93.14,-4.51
170,George Washington,A-10,,,9,7,64.4,60.9,3.50,,-3.13,,-4.09,2.09,-2.00,90.40,93.89,-3.50
171,Southern,SWAC,,,6,7,59.2,66.2,-7.00,,13.41,,-5.36,3.31,-2.05,86.07,90.99,-4.93
172,Cleveland State,Horizon,,,12,5,71.8,57.3,14.47,,-11.16,,-2.91,0.82,-2.09,88.81,92.86,-4.04
173,Hawaii,Big West,,,6,8,61.6,63.6,-1.93,,1.40,,-3.31,0.87,-2.44,87.90,92.40,-4.51
174,Kent State,MAC,,,5,9,68.9,67.1,1.86,,4.01,,-1.06,-1.43,-2.49,90.43,95.13,-4.71
175,Brown,Ivy,,,8,4,63.3,53.8,9.42,,-8.07,,-6.43,3.91,-2.53,83.37,89.05,-5.68
176,Drexel,CAA,,,7,5,64.5,58.6,5.92,,-3.91,,-5.04,2.40,-2.64,91.01,96.18,-5.18
177,Holy Cross,Patriot,,,8,5,59.4,61.4,-2.00,,-0.67,,-5.08,2.40,-2.67,84.57,89.94,-5.37
178,Oral Roberts,Summit,,,8,7,77.0,75.8,1.20,,4.71,,8.99,-11.86,-2.88,94.50,99.16,-4.67
179,Toledo,MAC,,,6,6,65.0,65.1,-0.08,,-1.79,,-2.80,-0.18,-2.98,89.53,94.75,-5.21
180,Pacific,WCC,,,7,8,67.1,66.9,0.27,,1.42,,-0.50,-2.57,-3.08,92.43,97.57,-5.14
181,Southern Utah,WAC,,,10,4,77.1,64.3,12.79,,-6.56,,-0.25,-2.85,-3.11,90.66,96.21,-5.56
182,La Salle,A-10,,,10,4,66.0,63.8,2.21,,-2.97,,-2.57,-0.55,-3.12,83.72,89.88,-6.16
183,Washington State,WCC,,,3,14,59.5,72.3,-12.76,,9.62,,-3.81,0.67,-3.15,88.76,94.84,-6.08
184,Jacksonville,A-Sun,,,9,4,69.3,67.8,1.46,,-0.47,,2.19,-5.39,-3.20,89.26,94.55,-5.29
185,Houston,Big 12,,,6,8,60.6,69.6,-8.93,,5.57,,-4.96,1.60,-3.36,81.80,86.73,-4.93
186,Longwood,Big South,,,10,4,80.4,64.7,15.71,,-4.23,,2.89,-6.29,-3.41,87.61,94.78,-7.17
187,Northern Colorado,Big Sky,,,10,5,72.6,60.9,11.67,,-3.61,,-1.92,-1.52,-3.44,87.97,93.02,-5.05
188,Binghamton,AmEast,,,9,5,69.9,65.1,4.71,,-0.70,,0.62,-4.06,-3.45,91.26,97.10,-5.83
189,Tennessee Tech,OVC,,,10,3,68.2,60.2,8.08,,-7.35,,-3.43,-0.19,-3.62,87.87,93.82,-5.95
190,Youngstown State,Horizon,,,10,4,70.0,57.9,12.14,,-5.46,,-4.12,0.49,-3.63,89.17,94.91,-5.74
191,Louisiana-Monroe,Sun Belt,,,6,7,61.8,67.1,-5.23,,1.52,,-4.13,0.42,-3.71,85.25,90.88,-5.63
192,Northern Kentucky,Horizon,,,6,11,65.8,72.1,-6.24,,2.43,,0.68,-4.49,-3.81,90.58,96.99,-6.41
193,Stetson,A-Sun,,,8,5,71.9,64.2,7.77,,-2.45,,0.14,-3.95,-3.81,92.50,99.08,-6.58
194,Drake,MVC,,,4,9,69.2,77.2,-8.08,,4.10,,3.07,-7.04,-3.98,93.88,100.67,-6.79
195,Navy,Patriot,,,7,6,68.7,65.7,3.00,,-4.33,,0.66,-4.65,-3.99,89.97,97.04,-7.07
196,Little Rock,OVC,,,7,7,60.9,60.1,0.86,,1.47,,-9.55,5.44,-4.11,80.80,87.18,-6.39
197,Lamar,Southland,,,6,6,62.6,59.4,3.17,,-4.77,,-4.69,0.56,-4.13,86.67,92.93,-6.26
198,Dayton,A-10,,,8,6,65.6,66.9,-1.29,,-3.04,,-2.05,-2.28,-4.32,88.62,96.53,-7.91
199,Lehigh,Patriot,,,6,7,67.0,70.9,-3.92,,-0.45,,2.43,-6.80,-4.38,94.87,102.59,-7.72
200,Virginia Commonwealth,A-10,,,4,11,59.6,69.9,-10.27,,5.66,,-3.66,-0.95,-4.61,85.23,92.93,-7.70
201,Northwestern State,Southland,,,7,6,64.7,64.1,0.62,,6.09,,-6.43,1.52,-4.91,84.10,91.99,-7.89
202,Maine,AmEast,,,6,9,59.4,63.2,-3.80,,-1.13,,-5.67,0.74,-4.93,85.63,94.12,-8.49
203,Air Force,MWC,,,7,7,57.8,58.9,-1.07,,-3.76,,-8.55,3.55,-5.00,83.27,91.38,-8.11
204,UC Riverside,Big West,,,4,9,59.9,61.3,-1.38,,1.81,,-9.97,4.87,-5.10,79.27,87.21,-7.93
205,Cal State Fullerton,Big West,,,7,7,70.9,63.1,7.79,,-4.51,,-0.85,-4.41,-5.26,82.34,90.74,-8.40
206,St. Thomas,Summit,,,7,8,63.5,58.5,4.93,,0.49,,-10.57,5.31,-5.26,81.00,90.42,-9.42
207,Duquesne,A-10,,,7,7,70.9,64.9,6.07,,-5.46,,-2.26,-3.12,-5.38,82.70,92.41,-9.71
208,Bowling Green,MAC,,,8,6,74.2,67.5,6.71,,3.78,,-0.51,-4.91,-5.42,87.61,95.89,-8.29
209,Illinois-Chicago,MVC,,,7,8,63.2,63.7,-0.47,,-4.98,,-4.88,-0.57,-5.44,89.90,98.99,-9.09
210,NJIT,AmEast,,,10,5,68.3,64.8,3.47,,-9.03,,1.76,-7.32,-5.56,94.01,103.09,-9.08
211,UTEP,CUSA,,,9,4,70.7,66.6,4.08,,-2.87,,0.06,-5.75,-5.69,87.38,96.13,-8.75
212,Sacramento State,Big Sky,,,7,8,66.2,58.5,7.73,,-3.58,,-7.64,1.83,-5.81,81.86,90.77,-8.91
213,UT Arlington,WAC,,,6,9,60.6,67.0,-6.40,,0.49,,-4.88,-1.03,-5.91,81.78,89.08,-7.30
214,Florida International,CUSA,,,7,5,77.2,69.1,8.08,,-6.42,,3.77,-9.74,-5.97,86.55,96.15,-9.60
215,Kennesaw State,CUSA,,,8,5,66.8,58.8,8.00,,-2.71,,-3.63,-2.47,-6.11,87.50,96.43,-8.93
216,Boston College,ACC,,,4,13,64.1,72.2,-8.12,,1.96,,-0.58,-5.57,-6.15,89.39,99.41,-10.03
217,Delaware,CUSA,,,6,8,67.5,66.4,1.14,,-5.58,,-1.92,-4.28,-6.19,84.29,94.08,-9.79
218,Northern Arizona,Big Sky,,,5,10,73.7,75.3,-1.53,,1.86,,4.73,-11.02,-6.29,92.49,102.03,-9.54
219,Stephen F. Austin,Southland,,,9,5,75.7,69.9,5.86,,-7.34,,5.39,-11.72,-6.34,89.96,99.48,-9.52
220,Nevada,MWC,,,5,9,54.1,57.9,-3.71,,-1.09,,-12.21,5.81,-6.40,77.74,88.21,-10.46
221,Towson,CAA,,,8,5,71.5,70.3,1.23,,-2.54,,2.43,-8.89,-6.46,89.41,99.21,-9.79
222,Campbell,CAA,,,8,7,65.9,57.5,8.40,,-6.90,,-8.29,1.70,-6.60,85.76,95.82,-10.06
223,Morehead State,OVC,,,7,8,65.7,68.9,-3.20,,2.47,,-3.19,-3.42,-6.60,85.57,95.57,-10.00
224,Loyola (IL),A-10,,,4,10,52.6,62.9,-10.36,,3.56,,-11.25,4.45,-6.80,79.24,90.89,-11.65
225,Fordham,A-10,,,8,6,67.4,63.4,3.93,,-10.46,,-1.46,-5.46,-6.92,85.04,96.09,-11.04
226,William & Mary,CAA,,,8,5,64.1,63.7,0.38,,-5.85,,-4.19,-2.82,-7.01,87.36,98.27,-10.92
227,DePaul,Big East,,,3,14,60.4,72.1,-11.71,,4.63,,-3.74,-3.34,-7.08,82.50,93.29,-10.79
228,Utah State,MWC,,,6,7,62.2,64.5,-2.31,,-0.43,,-5.66,-1.85,-7.51,84.70,96.03,-11.34
229,Monmouth,CAA,,,9,4,66.5,58.7,7.85,,-5.62,,-6.11,-1.41,-7.52,82.46,95.15,-12.69
230,Wofford,Southern,,,6,8,70.8,64.0,6.79,,-1.93,,-4.94,-2.63,-7.57,87.94,99.40,-11.46
231,Eastern Washington,Big Sky,,,7,7,68.5,67.4,1.14,,-1.00,,-0.90,-6.84,-7.75,84.87,96.54,-11.67
232,Elon,CAA,,,6,8,64.9,62.4,2.50,,-5.76,,-6.50,-1.26,-7.76,82.87,94.02,-11.15
233,Siena,MAAC,,,6,7,68.5,63.5,4.92,,-12.85,,-0.21,-7.71,-7.93,78.61,94.80,-16.19
234,Memphis,American,,,6,9,65.9,69.4,-3.47,,-1.11,,-3.28,-4.69,-7.97,77.73,89.00,-11.27
235,Tennessee-Martin,OVC,,,7,6,68.9,63.6,5.31,,-3.38,,-5.05,-3.23,-8.28,83.80,96.94,-13.14
236,Florida Atlantic,American,,,6,8,62.2,67.1,-4.86,,0.24,,-5.30,-3.00,-8.30,83.43,96.60,-13.17
237,Pittsburgh,ACC,,,8,9,62.4,64.7,-2.35,,-6.18,,-6.10,-2.21,-8.31,82.80,95.88,-13.08
238,Weber State,Big Sky,,,6,9,64.7,64.7,-0.07,,1.31,,-4.84,-3.52,-8.36,84.50,97.02,-12.52
239,Tarleton State,WAC,,,7,7,67.1,66.8,0.29,,-2.41,,-4.44,-3.98,-8.41,84.22,96.23,-12.01
240,Wichita State,American,,,3,12,60.3,63.6,-3.33,,-1.10,,-9.74,1.21,-8.53,78.63,91.53,-12.90
241,Mercer,Southern,,,10,5,65.7,59.9,5.80,,-10.37,,-6.35,-2.33,-8.68,81.26,94.51,-13.25
242,Montana,Big Sky,,,3,10,64.2,74.2,-9.92,,5.13,,-0.03,-8.68,-8.71,92.77,106.34,-13.57
243,Kansas City,Summit,,,4,11,71.6,68.7,2.87,,2.65,,-3.34,-5.68,-9.02,88.37,102.87,-14.50
244,Wyoming,MWC,,,4,9,53.5,60.2,-6.62,,1.22,,-12.15,3.12,-9.03,82.61,98.18,-15.57
245,Georgia State,Sun Belt,,,6,10,69.6,73.9,-4.31,,1.49,,0.60,-9.68,-9.08,87.21,101.13,-13.92
246,Maryland-Baltimore County,AmEast,,,5,8,68.0,61.2,6.77,,-5.94,,-6.86,-2.26,-9.12,82.24,96.22,-13.97
247,Robert Morris,Horizon,,,10,4,64.1,57.5,6.64,,-10.43,,-9.46,0.28,-9.18,81.72,95.76,-14.04
248,UNC Greensboro,Southern,,,10,5,69.1,52.2,16.93,,-6.02,,-11.84,2.64,-9.20,83.59,97.62,-14.03
249,Mount St. Mary's,MAAC,,,6,7,60.7,62.5,-1.85,,-7.41,,-9.25,-0.01,-9.26,77.68,92.12,-14.45
250,Maryland-Eastern Shore,MEAC,,,8,10,63.6,68.7,-5.11,,0.72,,-4.59,-4.75,-9.35,83.55,98.12,-14.56
251,Chattanooga,Southern,,,8,5,67.0,62.8,4.15,,-5.31,,-5.82,-3.58,-9.40,86.65,100.48,-13.83
252,Jacksonville State,CUSA,,,7,7,65.9,57.3,8.57,,-7.41,,-8.40,-1.02,-9.41,86.58,100.24,-13.66
253,St. Bonaventure,A-10,,,10,5,66.3,60.6,5.67,,-12.10,,-6.52,-2.93,-9.45,84.81,99.08,-14.28
254,IU Indy,Horizon,,,5,9,66.9,67.7,-0.79,,-2.37,,-5.35,-4.18,-9.53,80.40,94.38,-13.98
255,East Tennessee State,Southern,,,7,8,56.5,59.0,-2.53,,-1.77,,-12.05,2.51,-9.54,79.41,93.61,-14.20
256,San Diego,WCC,,,6,11,56.0,60.7,-4.71,,-0.34,,-11.76,2.11,-9.65,78.45,93.46,-15.01
257,Radford,Big South,,,9,8,65.4,61.6,3.82,,-8.76,,-7.61,-2.48,-10.09,78.94,93.80,-14.87
258,Texas State,Sun Belt,,,6,7,63.9,61.8,2.15,,-4.70,,-7.52,-2.64,-10.16,81.67,96.23,-14.56
259,West Georgia,A-Sun,,,8,5,73.6,64.0,9.62,,-10.07,,-1.26,-9.27,-10.53,88.12,103.36,-15.24
260,Merrimack,MAAC,,,6,7,68.0,67.6,0.38,,-6.72,,-1.67,-8.88,-10.55,82.70,98.59,-15.89
261,Incarnate Word,Southland,,,6,6,61.8,70.4,-8.67,,2.68,,-5.29,-5.53,-10.82,87.39,102.68,-15.29
262,North Carolina A&T,CAA,,,5,8,62.1,61.8,0.31,,7.99,,-8.98,-2.04,-11.01,78.60,94.84,-16.24
263,Stony Brook,CAA,,,6,9,58.7,58.5,0.20,,-2.67,,-14.57,3.48,-11.08,74.42,92.40,-17.98
264,Texas-Rio Grande Valley,Southland,,,6,8,66.1,70.7,-4.64,,1.79,,-3.05,-8.25,-11.30,84.83,100.31,-15.49
265,Jackson State,SWAC,,,2,11,61.1,71.0,-9.92,,5.54,,-6.90,-4.73,-11.63,82.55,100.12,-17.57
266,Norfolk State,MEAC,,,6,10,59.9,63.4,-3.56,,5.85,,-12.05,0.31,-11.74,74.50,92.15,-17.65
267,Oakland,Horizon,,,4,10,61.1,72.8,-11.64,,5.26,,-3.75,-7.99,-11.74,85.57,102.79,-17.22
268,Alabama A&M,SWAC,,,5,9,60.4,63.9,-3.50,,2.80,,-9.74,-2.18,-11.93,78.91,96.24,-17.33
269,Utah Tech,WAC,,,5,7,64.5,69.3,-4.83,,-5.84,,-5.93,-6.18,-12.11,78.38,95.77,-17.39
270,Cal State Bakersfield,Big West,,,5,9,61.5,67.6,-6.14,,-4.74,,-6.98,-5.30,-12.28,80.79,98.34,-17.55
271,SIU Edwardsville,OVC,,,8,6,63.3,57.1,6.14,,-7.74,,-13.64,1.35,-12.29,77.06,95.60,-18.54
272,East Texas A&M,Southland,,,6,6,68.5,68.3,0.17,,-2.10,,-6.98,-5.32,-12.30,82.07,98.89,-16.81
273,Southeast Missouri State,OVC,,,5,8,70.2,68.4,1.77,,-4.31,,-3.34,-8.97,-12.31,82.15,99.61,-17.45
274,New Mexico State,CUSA,,,5,9,57.6,65.1,-7.50,,2.04,,-8.78,-3.55,-12.33,76.84,94.65,-17.81
275,Western Michigan,MAC,,,4,8,57.1,70.3,-13.17,,0.90,,-9.23,-3.14,-12.37,79.23,96.64,-17.41
276,Denver,Summit,,,7,8,60.6,64.6,-4.00,,-0.93,,-12.26,-0.18,-12.43,77.54,97.09,-19.54
277,Detroit Mercy,Horizon,,,4,10,62.8,71.3,-8.50,,-3.80,,-6.11,-6.38,-12.49,80.96,99.07,-18.11
278,Loyola (MD),Patriot,,,5,8,55.9,63.4,-7.46,,-5.06,,-12.05,-0.48,-12.53,80.98,100.85,-19.88
279,Nicholls State,Southland,,,7,5,66.2,63.8,2.42,,-11.08,,-9.27,-3.45,-12.72,79.00,96.42,-17.42
280,Coppin State,MEAC,,,3,13,54.2,71.1,-16.94,,7.31,,-11.47,-1.49,-12.96,74.23,92.01,-17.78
281,New Hampshire,AmEast,,,6,9,59.9,61.7,-1.73,,-4.29,,-8.16,-4.83,-12.98,82.97,103.16,-20.18
282,Furman,Southern,,,8,7,73.3,63.7,9.53,,-1.17,,-3.35,-9.64,-12.99,79.38,97.21,-17.82
283,Long Island University,NEC,,,7,6,68.4,58.6,9.77,,-13.83,,-6.57,-6.53,-13.11,79.60,99.65,-20.06
284,North Alabama,A-Sun,,,5,8,61.5,64.2,-2.69,,-4.29,,-9.57,-3.54,-13.11,77.25,96.78,-19.53
285,Marist,MAAC,,,5,9,59.4,70.4,-11.00,,-2.32,,-5.57,-7.74,-13.32,83.11,103.31,-20.20
286,Hofstra,CAA,,,3,10,54.0,66.9,-12.92,,3.65,,-11.87,-1.48,-13.35,79.09,100.28,-21.20
287,Dartmouth,Ivy,,,9,5,61.1,54.3,6.86,,-8.84,,-14.69,1.22,-13.48,80.04,101.37,-21.33
288,Bucknell,Patriot,,,4,9,55.6,58.8,-3.23,,-3.72,,-14.41,0.86,-13.55,75.94,97.20,-21.26
289,Lafayette,Patriot,,,5,8,62.6,63.8,-1.23,,-12.32,,-7.00,-6.55,-13.55,82.98,103.06,-20.08
290,Akron,MAC,,,3,11,71.9,76.4,-4.50,,1.51,,-0.65,-12.93,-13.57,85.79,104.97,-19.18
291,Alcorn State,SWAC,,,4,8,53.9,66.6,-12.67,,12.32,,-14.22,0.65,-13.57,73.64,95.42,-21.78
292,Yale,Ivy,,,4,9,60.1,67.2,-7.08,,-6.68,,-7.48,-6.27,-13.76,77.95,98.60,-20.66
293,Iona,MAAC,,,8,7,59.5,61.9,-2.33,,-10.36,,-9.44,-4.49,-13.93,79.30,100.27,-20.97
294,Milwaukee,Horizon,,,5,11,60.0,65.1,-5.13,,-4.61,,-8.92,-5.34,-14.26,80.69,102.19,-21.50
295,Portland State,Big Sky,,,5,9,66.1,73.0,-6.93,,-4.03,,-2.60,-11.74,-14.34,85.68,106.74,-21.06
296,Evansville,MVC,,,3,11,62.7,74.4,-11.64,,-2.79,,-5.51,-8.93,-14.43,81.66,101.52,-19.86
297,Buffalo,MAC,,,2,11,57.2,67.8,-10.62,,-4.04,,-10.50,-4.15,-14.65,72.96,93.77,-20.81
298,Cal State Northridge,Big West,,,5,8,67.5,67.2,0.38,,-1.20,,-7.14,-7.52,-14.66,78.00,98.17,-20.17
299,Hampton,CAA,,,7,7,64.6,60.6,4.00,,-9.03,,-8.64,-6.03,-14.66,79.95,101.60,-21.65
300,Houston Christian,Southland,,,4,8,64.0,69.2,-5.17,,-0.60,,-8.78,-6.32,-15.10,77.74,100.09,-22.35
301,Northeastern,CAA,,,4,8,60.6,67.5,-6.92,,-8.32,,-8.07,-7.17,-15.24,80.98,103.90,-22.92
302,Boston University,Patriot,,,4,9,56.5,59.9,-3.46,,-5.65,,-13.41,-1.91,-15.32,78.46,103.17,-24.71
303,Western Kentucky,CUSA,,,4,9,57.9,65.2,-7.23,,-3.51,,-12.26,-3.08,-15.35,78.12,101.51,-23.39
304,Samford,Southern,,,7,10,59.8,68.5,-8.65,,1.64,,-8.32,-7.19,-15.51,83.27,107.26,-23.99
305,Wright State,Horizon,,,6,10,67.6,69.4,-1.75,,-5.88,,-6.61,-9.34,-15.95,81.38,104.77,-23.39
306,Cornell,Ivy,,,5,8,52.6,61.2,-8.62,,-7.48,,-16.87,0.78,-16.09,77.90,103.47,-25.56
307,Sacred Heart,MAAC,,,6,8,58.1,62.9,-4.79,,-10.21,,-12.29,-4.00,-16.29,76.49,101.05,-24.57
308,San Jose State,MWC,,,2,13,57.4,72.1,-14.73,,2.02,,-8.43,-8.41,-16.83,76.15,99.54,-23.39
309,Manhattan,MAAC,,,1,12,51.4,69.5,-18.08,,1.20,,-13.33,-3.55,-16.88,71.81,95.88,-24.07
310,Eastern Illinois,OVC,,,1,14,56.5,75.0,-18.53,,1.52,,-10.34,-6.68,-17.01,75.78,99.39,-23.61
311,Colgate,Patriot,,,5,8,56.3,68.8,-12.54,,-1.83,,-11.21,-5.95,-17.17,77.03,103.26,-26.23
312,Winthrop,Big South,,,8,8,65.1,67.4,-2.31,,-2.63,,-7.57,-9.75,-17.33,80.97,105.13,-24.16
313,American,Patriot,,,3,10,55.6,65.7,-10.08,,-7.42,,-11.54,-5.96,-17.50,78.35,105.86,-27.51
314,Southern Illinois,MVC,,,3,10,62.5,70.8,-8.31,,-1.19,,-8.22,-9.33,-17.55,79.95,105.42,-25.47
315,Indiana State,MVC,,,5,9,72.1,80.0,-7.86,,-5.22,,2.48,-20.17,-17.69,84.15,107.07,-22.92
316,Charleston Southern,Big South,,,4,11,59.0,73.7,-14.67,,-0.71,,-8.99,-8.93,-17.93,81.06,107.91,-26.86
317,Louisiana,Sun Belt,,,1,13,59.4,72.9,-13.43,,0.25,,-12.01,-6.16,-18.17,73.49,98.31,-24.82
318,North Florida,A-Sun,,,5,8,61.0,74.5,-13.54,,-1.18,,-7.79,-10.93,-18.72,79.65,105.84,-26.19
319,Lipscomb,A-Sun,,,4,9,62.8,66.3,-3.46,,-7.30,,-13.19,-5.84,-19.03,73.99,101.36,-27.38
320,Northern Illinois,MAC,,,2,11,54.2,69.8,-15.62,,-3.47,,-15.38,-3.71,-19.08,73.22,101.25,-28.03
321,Alabama State,SWAC,,,5,8,57.2,73.5,-16.31,,6.01,,-11.67,-7.52,-19.19,71.37,96.74,-25.37
322,Gardner-Webb,Big South,,,4,11,55.6,66.3,-10.67,,-8.65,,-13.13,-6.18,-19.31,77.50,105.70,-28.21
323,Grambling,SWAC,,,4,11,64.7,68.4,-3.67,,-0.86,,-9.30,-10.06,-19.36,74.59,101.42,-26.84
324,Wagner,NEC,,,6,7,56.6,60.8,-4.23,,-6.27,,-16.97,-2.39,-19.36,66.70,94.74,-28.04
325,North Carolina Central,MEAC,,,3,11,59.9,75.5,-15.57,,2.08,,-8.69,-10.85,-19.54,72.40,97.32,-24.92
326,Texas A&M-Corpus Christi,Southland,,,2,10,59.3,69.5,-10.25,,-2.36,,-15.12,-4.78,-19.90,74.33,103.12,-28.79
327,North Dakota,Summit,,,3,12,57.2,69.5,-12.27,,-0.66,,-11.29,-8.76,-20.04,71.39,98.32,-26.93
328,New Haven,NEC,,,4,9,60.2,60.1,0.15,,-10.68,,-16.19,-3.86,-20.05,73.89,104.82,-30.93
329,Cal Poly,Big West,,,3,11,58.1,73.1,-14.93,,4.69,,-6.63,-13.43,-20.06,80.76,109.35,-28.59
330,Massachusetts-Lowell,AmEast,,,6,9,61.7,62.5,-0.80,,-9.99,,-11.60,-8.89,-20.49,79.47,111.19,-31.73
331,Rider,MAAC,,,2,12,54.5,67.6,-13.07,,-7.51,,-15.06,-5.52,-20.58,74.26,104.93,-30.67
332,UNC Wilmington,CAA,,,5,8,63.5,70.0,-6.54,,-10.45,,-9.39,-11.40,-20.78,77.14,106.43,-29.28
333,Texas Southern,SWAC,,,5,9,66.8,76.1,-9.29,,9.77,,-6.88,-14.06,-20.93,77.05,103.72,-26.67
334,Long Beach State,Big West,,,1,12,50.5,73.5,-23.00,,4.02,,-14.50,-6.90,-21.40,70.92,101.92,-31.00
335,Canisius,MAAC,,,2,11,55.4,73.9,-18.54,,-3.56,,-12.53,-9.57,-22.10,75.17,107.71,-32.54
336,Seattle,WCC,,,4,11,65.1,75.2,-10.13,,-3.27,,-8.64,-13.63,-22.27,77.40,108.61,-31.22
337,Stonehill,NEC,,,4,9,59.8,69.4,-9.62,,-8.13,,-9.74,-12.55,-22.29,79.42,110.98,-31.56
338,UNC Asheville,Big South,,,5,10,63.4,60.3,3.07,,-11.79,,-16.00,-6.29,-22.29,67.98,99.42,-31.44
339,Tennessee State,OVC,,,2,11,59.3,79.2,-19.92,,-2.70,,-6.71,-15.92,-22.63,77.03,107.53,-30.50
340,Queens (NC),A-Sun,,,7,6,62.7,66.0,-3.31,,-10.39,,-12.97,-9.69,-22.66,74.12,103.43,-29.31
341,Western Carolina,Southern,,,3,11,60.2,67.1,-6.86,,-2.23,,-14.98,-7.70,-22.69,71.13,104.29,-33.16
342,Southeastern Louisiana,Southland,,,2,10,60.3,82.5,-22.17,,6.27,,-9.71,-13.29,-23.00,80.26,113.44,-33.19
343,Delaware State,MEAC,,,3,13,53.3,66.3,-13.06,,-2.00,,-18.23,-5.38,-23.61,66.46,101.21,-34.76
344,South Carolina Upstate,Big South,,,5,11,58.5,65.1,-6.56,,-3.84,,-16.52,-7.25,-23.76,68.63,105.02,-36.39
345,Morgan State,MEAC,,,1,16,51.6,75.8,-24.18,,5.12,,-14.71,-9.10,-23.81,71.94,108.25,-36.31
346,New Orleans,Southland,,,0,13,63.3,87.4,-24.08,,1.15,,-3.95,-20.31,-24.27,77.32,108.48,-31.17
347,Chicago State,NEC,,,1,14,56.4,79.0,-22.60,,-1.86,,-10.42,-14.04,-24.46,73.38,106.23,-32.85
348,Arkansas-Pine Bluff,SWAC,,,3,9,54.0,73.8,-19.83,,-0.43,,-14.40,-10.76,-25.16,72.15,107.50,-35.35
349,Bethune-Cookman,SWAC,,,3,11,55.7,73.9,-18.21,,0.00,,-17.07,-8.29,-25.37,67.99,103.36,-35.37
350,Mercyhurst,NEC,,,1,12,55.2,82.5,-27.31,,0.56,,-9.88,-16.87,-26.75,76.46,114.92,-38.47
351,Omaha,Summit,,,2,15,54.6,78.4,-23.71,,3.09,,-14.70,-12.41,-27.12,71.03,109.98,-38.94
352,Bellarmine,A-Sun,,,2,13,55.2,81.0,-25.80,,2.21,,-12.41,-14.87,-27.29,72.85,109.54,-36.69
353,Florida A&M,SWAC,,,1,11,54.9,77.7,-22.75,,-2.12,,-14.60,-12.88,-27.48,69.80,106.19,-36.39
354,Saint Peter's,MAAC,,,3,11,49.7,64.7,-15.00,,-7.35,,-21.85,-5.65,-27.51,65.61,107.75,-42.14
355,South Carolina State,MEAC,,,3,13,58.2,68.9,-10.69,,-5.75,,-17.22,-10.32,-27.54,68.35,107.59,-39.25
356,Prairie View,SWAC,,,2,11,56.3,82.0,-25.69,,4.42,,-9.38,-18.38,-27.76,71.82,106.37,-34.55
357,Central Connecticut State,NEC,,,0,13,49.8,73.8,-24.00,,-5.55,,-16.93,-12.62,-29.55,66.97,109.24,-42.27
358,Le Moyne,NEC,,,3,12,55.2,79.1,-23.87,,-4.03,,-12.71,-17.75,-30.46,74.99,120.33,-45.33
359,Valparaiso,MVC,,,0,15,53.2,79.0,-25.80,,-4.88,,-14.87,-15.81,-30.68,65.30,105.34,-40.04
360,Saint Francis (PA),NEC,,,0,13,52.6,74.0,-21.38,,-7.95,,-15.56,-15.39,-30.95,68.20,112.26,-44.06
361,Mississippi Valley State,SWAC,,,2,11,53.3,89.4,-36.08,,1.68,,-12.09,-22.31,-34.40,68.75,112.63,-43.88
362,Presbyterian,Big South,,,2,13,54.9,74.0,-19.13,,-6.13,,-20.55,-15.66,-36.21,63.44,113.96,-50.52
363,Niagara,MAAC,,,0,13,51.8,86.5,-34.77,,-4.65,,-16.34,-23.08,-39.42,63.21,113.66,-50.45